"audit"
261.76
654.61
791.6
460.92
340.54
334.94
204.17
424.97
451.21
438.42
346.69
421.71
529.9
669.12
318.6
835.26
411.75
385.99
618.8
548.56
410.11
451.76
407.15
336.06
407.19
690.88
268.03
499.32
429.76
633.81
343.24
435.51
435.57
559.43
570.1
676.71
359.08
377.83
483.42
245.2
292.96
328.17
427.18
363.95
681.81
586.98
838.99
467.03
484.6
493.13
499.52
533.29
859.72
391.16
551.83
496.76
766.05
632.59
319.63
403.2
188.16
307.42
553.9
685.55
355.48
400.19
473.01
526.16
554.47
405.25
705.8
172.77
352.25
588.9
577.36
559.79
832.34
885.63
405.05
366.55
487.05
616.28
909.06
130.48
671.92
545.21
626.98
420.09
973.9
500.79
402.62
421.11
591.65
505.23
598.85
251.31
715.6
469.24
399.35
670.61
468.89
565.66
771.21
595.71
598.32
454.11
497.51
442.29
320.42
642.59
666.28
464.56
425.67
681.27
657.87
494.59
393.31
782.09
304.95
411.8
593.21
654.1
879.31
730.53
467.62
716.29
336.05
369.17
673.77
435.81
247.16
507.82
517.72
631.95
541.26
430.55
479.01
932.27
344.87
211.56
429.09
728.98
429.92
720.11
481.08
450.34
424.76
568.68
634.77
416.9
273.45
206.7
929.4
764.95
294.47
705.72
509.05
379.52
406.71
689.89
874.59
489.72
-29.6
672.65
608.15
690.5
341.59
541.56
403.41
587.57
538.47
660.6
481.48
173.3
921.8
542.74
377.86
325.99
272.4
394.08
